блокировка 32 1 33 64 47 48 54 55 25 26 27
блокировщик 1
борьба 65 1 74 75 47 52
видео 1 33 66 14 47 51 54 91 61
включить 1 100 42 44 17 83 61 31
внедрить 64 1 33 41 74
внимание 96 1 66 99 37 69 45 47 80
возвращаться 1
выключить 1
действительно 1 71 52 24 27
жаловаться 32 1 36 46 48 25
журналист 96 1 8 45 47
использовать 1 2 10 13 19 22 30 32 43 48 53 66 67 68 76 77 78 88 90 96 98 100
комментарий 32 1 96 47 52 27
компания 1 2 3 4 5 7 8 10 11 12 13 15 19 20 21 26 28 31 35 42 45 54 57 58 59 60 62 63 64 67 68 69 72 76 78 79 80 86 89 92 94 96 98 99 100
кто 1 3 47 55 24 57 27 28 93 94
массово 1 27 36 17
момент 1 66 71 8 44 47 79 55 57
надпись 1
намеренно 96 1
нарушать 1 85
неизвестно 1
неудобство 1
новшество 1 33
обратить 96 1 45 47
описание 1 11 77
отключить 1 18 66 94
отмечать 1 5 8 41 10 79 20 86 89 58 30
пользователь 1 7 8 9 11 16 18 22 23 25 26 27 30 32 33 35 36 38 43 45 46 48 49 52 56 60 61 62 64 66 67 69 72 73 74 75 76 77 78 79 80 81 84 85 91 92 97 99 100
появляться 1 3 71
проблема 1 33 35 4 36 8 40 74 45 46 47 23 56 26 27 30 31
пропадать 1
работа 1 3 4 7 9 10 11 14 21 24 28 29 31 32 35 36 37 39 45 47 50 51 53 54 56 57 62 66 77 78 80 91 92 98
расширение 1 95 7
реклама 1 60
ролик 1 61 33
сайт 32 1 33 67 71 74 49 51 53 56
скрывать 1
стоить 1 67 44 23
такой 1 8 11 15 17 22 24 26 27 28 29 35 40 47 48 49 50 57 59 61 62 67 68 69 71 77 78 80 84 85 86 87 91 94 96
текущий 1 65 68 7 72 47 94 62 31
теперь 1 3 8 10 17 31 44 47 50 57 62 64 66 76 78 87 92 95 98
тот 1 5 12 14 17 23 24 26 27 28 30 32 40 41 45 47 51 52 54 57 59 64 66 67 71 73 74 75 80 81 83 85 88 89 92 93 94 95 98
ужесточать 32 1 83
автор 2 47
авторство 2
аналитик 57 2 79 15
ассоциация 2
более 2 3 5 8 9 10 11 12 13 18 23 24 34 37 39 41 47 57 58 63 65 68 69 70 71 73 76 82 83 86 88 93
британский 2
вознаграждение 2 85
год 2 4 6 8 11 12 13 15 16 17 19 21 22 23 24 30 31 32 34 37 38 41 42 43 45 51 56 57 59 63 64 65 68 70 71 72 73 74 75 78 79 81 83 91 93 95 98 100
данные 2 3 6 7 8 10 15 16 18 19 23 24 25 30 31 33 35 36 43 51 52 57 58 60 65 68 72 73 74 77 81 89 90 95 97 99
дистрибьютор 2 12
достигнуть 16 2 50 6
заявить 2 4 6 8 10 18 23 25 29 32 35 36 39 40 41 45 46 48 52 70 71 79 82 88 91 93 94 95 98 99
интеллект 89 2 3 68 42 19 86 57
искусственный 89 2 3 68 42 19 86 57 58
использоваться 2 8 40 77 47 89 62 63
исследование 24 2 99 68
ия 2 4 7 8 10 11 16 19 21 31 38 42 57 62 72 78 89 91 92
композиция 2
крупный 2 4 5 7 8 12 16 18 20 32 41 48 49 67 72 75 79 91 92 93 94 99
мелодия 2
мировой 2 50 47
млн 2 6 39 9 11 12 75 79 16 18 50 20 83 88 92 93
млрд 2 38 11 13 20
музыка 2 18
музыкант 2
нейросетевой 2
нейросеть 2 7 16 86 28
некомфортно 2
обеспокоить 2 36
объём 2 34 4 77 47 18 52 94
обычный 80 2 67
они 2 3 8 11 12 13 17 19 20 21 27 31 32 33 38 41 43 48 51 52 67 68 77 81 84 86 90 91 92 93 96 98 99
опрос 2 99
оригинал 2
отличить 2
песня 18 2 11
платформа 64 2 36 38 7 41 43 51 52 84 23 25 95
позволить 33 2 65 5 38 72 73 74 78 15 49
показатель 2 99 68 6 85 28
показать 2 99 10 44 16 21 60
показывать 24 57 2 44
помощь 2 66 99 40 72 43 75 77 14 47 87 57 62
понимать 2 3 52 86 24
продюсирование 2
разработать 65 2 98 5 8 89
разработчик 2 10 11 42 43 46 77 78 80 23 28 63
ранее 2 6 7 8 15 18 20 22 26 29 35 39 40 48 50 52 54 61 62 64 70 75 76 79 83 84 88 93 96
распознавать 2
респондент 2 99
рынок 2 5 12 13 16 24 32 33 37 38 41 46 48 54 57 68 77 79 80 89
себя 2 66 67 40 10 75 47 49 57 26 91 28 62
слово 2 5 7 8 14 17 20 26 27 28 29 35 38 41 48 52 54 55 56 65 74 75 78 93 97
слушать 2
смочь 32 2 66 38 41 74 43 78 47 49 81 21 88
совместно 2 70 98
создание 65 2 66 37 7 10 77 18 19 86 89 92 63
создать 2 98 13 46 48 80 25 30 95
сообщать 2 12 13 15 25 31 33 35 36 39 41 42 43 49 50 70 74 78 79 84
составить 2 34 68 6 11 16 17 50 82 22 54
составлять 2 3 6 79 18 82 24 58 91 63
способный 8 2 10
технология 89 2 98 7 73 78 82 19 52 86 24 57 91 28 63 31
требовать 2 99 5 43 13 57
указываться 2
часто 2 3 23
человек 96 2 10 76 14 47 92 49 57 27 28
чувствовать 57 2
это 2 5 6 8 10 11 15 16 17 18 19 21 24 26 31 32 33 35 36 37 38 39 40 41 42 44 46 47 48 55 57 65 66 71 72 74 78 80 81 89 90 91 95 99
этот 2 7 11 12 14 17 18 20 21 24 26 27 32 33 36 37 40 42 46 51 52 54 55 56 57 58 68 73 75 77 82 84 85 94 95
автомобилист 3
актуально 3
альтернативный 24 3 94
анализировать 99 3 77
будущее 24 3 70 31
быстрый 66 3 8 91 31 63
быть 3 4 5 6 8 12 13 17 18 21 23 24 25 26 27 28 29 30 31 33 34 38 39 41 42 43 44 46 47 48 50 52 57 58 59 60 61 62 63 64 65 66 70 71 72 73 76 77 78 80 81 87 88 89 90 91 95 97 98 99 100
важно 57 3 52
важный 98 35 3 38 70 73 47 85 57 92
вариант 33 34 3 69 8 24
вид 3 100 82 87 91 61 94 63
водитель 3 44 78 63
водить 3
время 3 7 8 10 16 24 31 32 42 43 44 47 54 55 57 65 69 72 74 81 85 91 95
всегда 3 99 8 51 93 31
выбирать 24 57 3 5
город 3 68 5 70 25
далеко 3
движение 25 3 59 63
дом 89 3
доступный 34 3 5 72 41 77 18 87 90 92
другой 3 4 5 7 8 13 16 21 24 25 27 35 38 42 47 49 58 61 66 67 79 85 92 94 100
ездить 3
ехать 3
знакомый 3 78 31
интерфейс 66 3 8 72 78 85 92 63
использование 64 3 72 73 42 15 80 63 19 52 21 84 85 88 89 90 61 31
история 97 3 9 11 75 81 60 31
какой 3 99 40 74 47 22 24 26 29
карта 65 3 44 77
количество 65 34 3 99 38 73 75 47 16 81 84 21 60 95
команда 64 3 10 77 80 23 92 30
конец 32 65 3 70 8 42 15 24
ледовский 3
малый 43 3
маршрут 24 67 3 44
маршрутизатор 3
много 3 55 95 47
модель 3 7 10 19 22 31 34 41 43 57 63 64 69 71 72 73 77 82 86 89 92 100
мы 97 3 38 11 14 15 47 83 53 93 95
навигатор 3 44
навигация 8 66 3
налево 3
начать 96 97 3 35 70 44 14 79 17 49 19 54 56
начинающий 3
недавно 18 3 95
объезд 3
один 3 5 9 11 20 23 24 38 46 47 65 66 67 68 74 75 80 81 87 89 92 96 97
основа 64 98 3 99 43 46 86
отметить 98 3 35 38 70 8 72 10 42 44 79 80 51 86 24 59 92
персонализировать 82 3 85
поворот 3
подписать 3
поездка 10 3 5
предлагать 65 3 5 37 41 74 17 83 84 24
предлагаться 3
пресс 3 38 39 40 44 45 14 80 20 87 29 95
простой 66 3 30 15
путь 24 98 3 46
развязка 3
решающий 3
руководитель 3 44 47 84 23 92 93
руслан 3
самый 3 99 72 74 47 16 22 87 57 58 92
сейчас 3 35 70 47 16 17 50 80 84 55 89 27
сервис 3 5 16 18 20 24 26 32 42 44 46 48 49 51 52 56 57 69 72 76 77 78 80 85 93 94 99 100
сложный 98 3 35 68 10 42 15 16 20 24 92
служба 3 67 38 44 80 49 20 84
создавать 59 26 3 94
сообщить 3 5 6 7 8 10 20 38 44 50 51 52 54 55 60 65 80 87 93 94 97
сходить 3
только 3 4 5 11 12 15 16 19 21 33 37 41 43 44 48 52 54 57 60 61 63 64 67 68 69 71 73 78 81 89 91 95 99
точка 98 3 87 47
увеличиваться 3
увидеть 3 38 41 60 95
уметь 3
фактор 24 90 3
центр 3 4 99 70 28 30 31
частый 3 100 5 74 15 17 24 92
число 98 3 4 6 75 47 16 80 51 83 24 89 88 93
яндекс 3 99 5 42 94 89 59 93 62
автомобиль 4 71 8 44 17 82 63
бить 4
больший 89 34 98 4 5 74 47 22 57 95
бороться 4 47
бот 66 4 8 78 92 80 21 23 60 62 31
глобальный 4 47
дата 4 100 70 8 49 87 31
день 32 4 36 74 75 77 46 47 81 27
дефицит 72 100 4
доля 4 42 46 15 20 84 22 24
дюжина 4
завод 4
илона 96 4 70 7 9
каждый 65 66 4 77 54 91 92
корпоративный 8 11 4
корпорация 99 4 12 27 29
кризис 4 79
кук 4 31
лидер 99 4
маржа 4
маск 9 4 70 7
маска 96 4 7
менять 24 4 94 63
миллион 18 4
надвигаться 4
начало 98 35 4 36 37 38 68 11 44 18 19 54 60 31
начинать 24 57 4 69
неразрешимость 4
ноутбук 8 72 4
объявить 18 35 4
ограничивать 4 48 50 53 54 89 27
огромный 4 45 47
оставлять 4
память 100 34 99 4
план 4 24 26 60 31
повышать 66 67 4 42 87 94
поглощать 4
покупать 67 4 38 12 62
посредник 16 4
поставка 100 4 40 47 19
потребительский 4 63
предупредить 4 69
предупреждать 4 5 10 44 15
прибыль 4
прийтись 4 43 78 22 28
приложение 4 5 8 10 11 16 21 23 25 30 31 33 42 44 46 48 62 66 69 72 74 76 78 85 91 92 95 99
причина 97 4 8 76 52 94
производитель 33 4 95
производство 49 98 4 39
процессия 4
расти 4 7 24 57 93
ретейлер 91 4 38
сигнализировать 4
ситуация 35 4 36 69 99 78 47 51 52 57 27 93 31
смартфон 33 34 4 58 69 90 72 73 42 22 87 26 91 95
снизить 72 19 4 85
собственный 4 8 72 13 77 78 54 56 94 31
сокращаться 4
срывать 4
строительство 4 70
строить 4
технологический 89 4 42 11 47 19 57 63
тим 4 31
ускоритель 4
ухудшаться 4
фундаментальный 4
цена 4 5 100 8 41 72 79 17 82 58 92
чат 66 4 8 11 76 78 47 80 92 21 23 60 31
чип 4 8 72 19 87 58 31
электроника 42 4 63
агентство 5 70
алла 5
аренда 5
аудитория 100 5 43 47 16
база 65 5 38 70 72 77 82 21 92 31
бренд 5 13 77 58 60
быстро 5 9 11 14 15 24 57
везти 5
видеть 45 21 35 5
визуальный 21 66 5
втянуть 5
где 67 5 91 47 57 27
главное 21 5 62
данилин 5
дать 5 6 16 17 18 24 27 29 35 40 45 46 56 64 69 77 80 97 99
дешёвый 8 17 19 5
директор 98 5 38 41 48 80 23 94
достаточно 33 5 43 44 49 29
еда 60 5
её 5 72 9 12 13 47 17 19 21 89 26 92 95
заказ 93 5
заместитель 65 98 5
запуск 5 8 10 75 78 58 63 31
запустить 5 95
инновация 98 5 23
иной 17 5 49
источник 36 5 71 8 77 46 47 78 20 54 87 56 57 88 31
канал 32 64 66 5 39 40 71 43 75 77 47 19 55 54 23 56 27 94
каннибализация 5
каршеринг 5
конкретный 65 5 7 41 48 20 24 57 95
лоукостер 5
март 64 5 70 8 91 59 31
массовый 57 42 43 5
медийный 5
менее 5 70 72 44 20 24 57 93
молодой 57 43 76 5
молодёжный 5
молодёжь 5 22
мочь 5 8 17 19 20 21 26 28 30 31 32 47 48 52 54 57 59 60 62 65 66 67 74 76 80 81 82 84 85 88 89 93 95 100
набрать 9 5
наряду 48 5
недорого 5
низкий 8 5
новинка 34 100 5 72 91
новый 5 7 8 16 19 21 27 31 33 34 38 43 44 46 47 50 56 58 64 65 66 69 71 72 73 74 76 77 82 83 85 87 92 95 98 100
объяснять 32 96 93 5
оказаться 68 5 75 24 57
он 5 6 7 9 11 14 15 16 18 24 26 27 28 29 30 32 35 40 41 43 45 47 48 49 52 55 57 58 59 60 61 62 63 65 66 72 75 80 84 85 86 87 89 90 93 94 95 96 97 99
ориентировать 8 5
основный 32 5 7 8 73 16 17 20 24 58 91 63
отдельный 64 33 5 72 87
отличие 72 80 5 87
параметр 5
перетянуть 5
планировать 65 37 5 8 72 44 78 17 54 87 24 90 95
платёжеспособный 5
позволять 5 8 10 19 28 30 33 46 47 62 63 66 74 75 77 82 85 86 90 99
поздний 5 8 14 47 18 51 54
позиционирование 5
политика 65 37 5 43 12 47 52 53 25 60
получение 24 74 5
попытка 92 5
предложить 64 34 35 36 5 37 41 44 14 80 88
премиальный 5
принцип 41 77 5 94
продвижение 5 47
продукт 65 5 8 42 44 23 89 60
размывание 5
разрушать 5
рбк 5 48 54 23 56 93
риска 64 10 5
самокат 5
сегмент 68 5 72 47 92
сегментация 5
сергей 5 23
способ 64 5 41 47 48 17
стратегия 98 5 38
суперприложение 5
схожий 77 5
такси 5
тариф 5
тональность 5
точный 33 100 5 8 44 76 57 31
удобный 65 5 47
управлять 5 10 60 48 28
услуга 67 5 75 83 85 62
фаткина 5
хайп 10 5
хорошо 91 35 5
хотеть 24 11 5 47
цвета 8 34 5
ценовый 5
четвёртый 5 39 11 16 51
чувствительный 64 57 60 5
экономика 57 35 5
экосистема 5 7 75 77 20 95
эксперт 32 35 99 5 42 48 27
язык 67 5 87 47
безработица 6
вакансия 68 6
весь 6 8 10 14 17 18 22 26 28 33 34 37 41 47 51 52 57 58 64 65 71 72 75 80 85 89 91 94 96 97 99
вырасти 6 38 42 11 46 15 22 24
го 72 6 31
годовой 16 68 6
декабрь 65 6 10 11 58
западный 46 19 6
июнь 8 21 6 31
кадровый 6
коммерсант 89 6
лето 6
максимальный 57 82 6
максимум 6
маленький 8 6
ноябрь 32 100 6
округ 6
открытый 6 41 77 80 52 86 88 89 91
падение 16 6 79
передавать 74 35 28 6
подрасти 6
положение 12 6 84
потребность 6
представить 66 100 6 71 40 41 10 11 12 44 77 86 58 92 63
приволжский 6
работник 6
работодатель 6
рабочий 11 6
россия 6 14 15 17 20 23 24 25 26 29 32 35 36 38 39 41 42 44 45 46 47 48 52 53 54 55 56 65 81 83 89 96 98 99
росстат 6
сборник 6
северо 46 6
сезонный 6 15
середина 6
сила 64 6 55 59 61
снижаться 16 6
снижение 98 6 41 88 63
сократиться 16 6
социально 6
спрос 6 15
сравнение 6 7 41 15 79 89
ссылка 67 37 38 6 74 13 77 48 54 56 90 30
статистика 16 69 6
тыс 6
увеличение 34 68 37 6 94
уровень 33 67 68 6 73 77 47 19
устойчивый 57 98 91 6
федеральный 46 49 84 6
центральный 65 6 41 46 63
что 70 6 72 74 82 24 59
экономический 6 23
анализ 99 7 72 43 77 57 90
быстродействие 21 7
версия 33 34 66 69 7 8 71 74 11 78 92 57 60 31
вопрос 99 36 100 7 40 10 45 47 84 24 57 62
выйти 11 7
генерация 31 7
глава 96 97 37 7 74 31
доступ 64 67 38 7 8 39 41 43 74 48 19 52 87 27 60 31
ждать 55 7
значительный 65 68 7 8 72 10 20 57
известно 47 7
изменение 7 8 11 12 17 21 24 31 33 34 35 37 43 57 66 68 72 78 93
изображение 96 98 7 40 72 45 14 51 54 93 31
интегрировать 72 7
код 7 8 10 11 16 23 27 30 32 38 44 46 56 62 66 67 71 74 75 80 81 90 92 93
конкурент 16 19 92 7
контент 64 38 39 8 7 76 77 50 85 54 62 30
модификация 7
можно 32 33 66 99 100 7 40 42 15 80 81 21 87 91 60 62
название 33 38 7 8 77 49 18 63 31
наличие 99 7 72 20 88 57
написание 7
неделя 10 7
обновление 33 34 66 69 7 8 72 73 76 87 23 57 58 92 30 31
основатель 35 27 14 7
ответ 32 19 60 7
отличаться 82 37 7
очередной 8 7
повышение 68 7 21 93 94
подробность 8 58 7
пока 32 89 96 7 10 18 20 54 57 58
получить 7 8 10 12 15 21 24 30 33 34 43 58 60 66 67 72 74 88 91 95 99
предположить 24 7
предыдущий 7 8 51 59 92
приносить 7
процесс 65 7 8 11 47 20 54 24 57
прямой 92 7
развиваться 7
раскрываться 76 7
реальный 69 7 43 76 52 86
режим 64 98 7 73 43 44 78 21 85 89 62 63
роль 7 10 79 57 92
рост 68 69 7 15 16 22 24
свой 7 8 11 12 13 14 19 24 25 29 32 38 40 42 45 46 47 48 49 52 54 55 62 63 66 67 70 72 74 78 85 86 89 92 96 97 99
сеть 98 70 7 71 18 84 21 22 87 91 94
скорость 7 73 82 23 57
социальный 68 38 7 70 15 18 84 25
соцсеть 9 84 38 7
стать 7 10 11 14 15 16 17 18 20 23 31 34 35 44 46 51 57 62 63 66 72 73 74 75 76 90 92 93 94 95 99
точность 31 7
тренд 15 7
уже 7 8 10 17 18 21 24 33 37 41 46 47 56 64 67 73 75 76 90 92 98
указывать 96 87 7
улучшение 8 92 21 7
уникальный 66 11 95 7
функциональность 42 99 7
функция 33 7 8 72 10 11 44 78 81 82 21 85 91 92 95 31
чувство 7
юмор 7
автономный 8 10 91
автопилот 8 85
алюминиевый 8
аналогичный 64 8 72 49 19 87 94
анонс 8 71
анонсировать 8 87 31
бюджетный 8 24 58 72
внедрение 33 8 72 30 95
внести 65 8 12 83 89
внутренне 8
вождение 8
выпустить 33 8 72 78 18 19 22
выход 33 66 100 8 72 87 27 30 31
выявить 99 39 8 18 50 31
главный 8 72 24 92 63
голосовой 32 8 78 54 28 31
готовить 8 72 20 36
грядущий 8 33 34
гурман 8 72
двухлетний 8
диафрагма 8 73 34 91
дисплей 34 8 72 87 58 91 63
добавить 33 66 38 71 8 11 44 76 78
долго 8 57 51 31
должный 8 11 26 29 32 34 35 37 39 40 41 42 45 47 55 70 73 83 95
дюйм 8 72 63
ещё 8 12 13 15 17 20 21 24 32 38 41 46 47 51 54 58 62 71 75 85 91 92 95 99 100
жёлтый 8 63
задержаться 8
задержка 8
заменить 100 8 72 74 78
запрос 64 8 12 46 57 31
запутать 8
зелёный 8 41 98
значительно 8 17 54 92 30
идти 32 98 8 47 48 52 57 95
изготавливать 8
инсайд 8 34
интеграция 38 8 80 92 31
исправление 8 12 21 30
камера 34 8 73 72 87 58 91
картографический 8 44
классический 8 72 91 62 63
кодовый 8 31
компонент 8 99 98 91
корпус 8
корректировка 8
корректно 8 31
который 8 9 10 11 12 17 18 19 21 24 26 28 31 32 33 35 36 39 42 44 45 47 50 51 52 54 55 57 58 59 61 62 63 65 66 68 70 72 74 75 76 77 78 80 81 82 83 85 87 89 92 94 95 96 97 98 99 100
май 8 63 31
марк 8 72 63
масштаб 8 90
масштабный 8 66 72
медленный 32 8 46 48 56 25 57
мероприятие 8 90 72
минорный 8
модемный 8
модернизировать 8
мусор 8
нацеливаться 8
небольшой 8 18
некоторый 32 33 100 71 8 10 74 47 79 21 54 87 60 93
немного 8 34 47
необходимый 8 99 80
неясно 8
обновить 64 33 66 8 72 43 76 78 91 31 63
обновиться 8
обрабатывать 8 10 80 31
ожидаться 68 8 72 73 57 58
отвечать 65 8 91 92 62 31
откладывать 8
отмечаться 8 42 12 17 49 19 82 85 59
очистка 8
первый 65 98 99 68 100 8 72 10 73 44 47 80 51 57 92 93 63
переменный 8 73 91 44
перенос 8 33
переноситься 8
переосмыслить 8
переработать 33 66 98 8 31 63
период 8 74 12 44
персональный 35 36 8 52 87 57 31
планироваться 8 73 72 37
поддержка 33 67 99 69 71 8 72 42 74 78 87 24 91
поделиться 34 100 8 9 46 47 24
попросить 8
поразительно 8
порция 8
последний 36 68 70 8 11 75 51 55 24 56 27
пошаговый 8
появиться 33 66 70 71 8 41 76 81 21 54 29
предложный 8 44
прежний 34 100 8 41 43 87 24
приоритет 8 24 70
производительность 99 8 72 10 87
производственный 8
произойти 8 11
процессор 34 8 72 12 95
прошлогодний 8
публично 8 51 30
пятница 8
рамка 65 99 37 8 79 83 21 30
реализовать 8 21
релиз 8 10 18 21 87 23
розовый 8
светло 8
сентябрь 8 45 31
серебристый 8
серия 34 69 8 72 19 58
серый 8
синий 8 34
синхронизироваться 8
система 8 10 11 13 19 26 30 31 32 37 43 48 65 71 77 82 85 86 87 96
сколько 96 97 8 44 24 57 91
слишком 8 55 31
снова 8
совместимость 8 95
согласиться 8 24 10 59
специальный 8 43 47 84 30
стиль 33 34 8 76 78
стоимость 34 8 44 79 17 19 20 91 94
студент 8
считаться 69 8 40 47 57
тема 8 60 55 47
тестирование 8 98 80 31
тестировать 8 73 10 60
топовый 8 19
тёмный 8
удалить 99 8 76 50 54
управление 8 78 85 86 57 31 61 94 63
установить 37 69 8 84 54 58 31
устаревший 8 32 69
устройство 64 33 34 66 100 69 90 8 72 11 43 15 48 22 87 58 91 95
хороший 99 100 39 8 10 92 62
чуть 8 82
экран 33 34 90 8 72 21 58 91
яркий 8
аккаунт 64 67 99 9 74 43 81 27 61
заблокировать 32 40 9 45 25 26
интернет 32 35 36 9 45 47 48 56 25
мем 9
место 65 9 51 52 24
нарисовать 9
неуклюжий 9
подросток 64 9 43 84
подхватить 9
популярность 16 9 22
портрет 9
превратить 9 95
просмотр 33 66 38 9 85 60
результат 98 68 9 10 92 16 48 80 19 82 24 28 63
решить 9 93
собрать 38 9 77 21 62
сутки 56 9
тут 9 20
художник 9
череда 9
шутка 9
юный 9
автономно 10
агент 10 11 21 57 92 61
алексис 10
аспект 10
ветеран 10
внутренний 96 10 43 11 91 94 31
возможность 64 67 41 10 42 44 78 81 19 20 51 54 24 57 90 27 29 31
волна 10 27
вооружённый 10 61
вывод 10 85
выгорание 10
вызвать 10 19 46
высокий 10 16 19 20 24 57 61 30
гендиректор 10
генерироваться 10 77
густав 10 11
гэри 10
давать 10 11 14 24 25
десятка 10
долгий 24 57 10
желаемый 10
задаться 10
заметно 24 10
заставить 10 46 48 25 26 30
засыпание 10
инженер 10 11 86 31
инструмент 38 72 41 10 75 78 47 80 55 85 23 62 31
истощать 10
итерировать 10
йегге 10
ключевой 34 68 72 10 78 16 86 23 24 87 31
кодинга 10
маркус 10
мертво 10
минимальный 10
многие 71 10 47 24 57
мощный 10 47
мышление 10
мэтт 10
написать 10 11 14
обсуждение 65 10
оганян 10
одновременный 10 90
однотипный 10
описать 10
описывать 10 86
особый 10 99 52 37
открывать 38 10 11 78 85 30
отлаживать 10
отсутствие 36 10 74 16 61
ошибка 32 10 11 79 21
перестать 48 10 56
писать 32 65 98 37 10 48 17 82 87 56 89 27 95
построчно 10
программирование 10
программист 10
продемонстрировать 10 19 38
проект 32 97 98 100 37 38 72 10 77 46 47 21 23 89 63 31
профессор 10
прошлый 57 10 70 95
развёртывание 10
различный 99 100 41 10 88
разработка 72 10 42 77 19 23 89 31
раскритиковать 10
реакция 10 61
резонанс 10
решение 35 72 41 10 42 45 16 80 52 86 23 24 56 59 94
сам 32 89 66 96 97 71 10 11 47 51 52 24 57 26 91 94 95
серьёзно 10 69
сессия 10 67 92 74
скачок 10
смешанный 10
соосновитель 10
способность 24 10
статья 39 10 13 17 89 59
стив 10
строка 10
строчка 10 11
сыграть 10 90
сёдерстрёма 10 11
текст 57 10 77
тест 10 92
традиционный 34 72 10 24 90
тысяча 10 77 47 16 79 26 61
удалённый 10 30
удовлетворительный 10
указание 10
указать 67 36 10 49 82
участие 80 41 10 70
цикл 10
шумер 10
эссе 10
аудиокнига 11
большой 32 66 69 11 75 46 81 82 51 22 57 95
бумажный 11
возглавить 99 11
вы 35 11 47 81 53 95
выполнение 11 92 30
генерировать 11
готовность 35 11
дело 96 97 39 74 11 13 57 26 59
доход 88 11 68
задача 65 70 42 11 16 80 52 86 57 92
исправить 33 74 11
итог 11 13 16 24 59
квартал 16 11 15
книга 11
конкурентоспособный 11
контролировать 73 11 46 48 25 26
менеджер 11
мессенджер 11 23 29 32 35 36 39 40 45 47 50 51 54 55 56 64 66 67 74 77 80 81 97
месяц 100 38 74 11 78 47 21 88
минимум 11 84
настоящий 65 42 11 14
нововведение 64 66 73 11 92
обсуждать 11 54
общий 65 99 39 11 16 18 82 84 87 94
окончание 11 44
оно 24 11
оставаться 32 69 73 74 11 14 15 16 52 21 24 57 26 60 93
отправлять 66 67 98 70 11 80 24
отчёт 11 12 85 86 87
перевести 64 72 11 69
перемена 11
плейлист 11
подписчик 11 60
подчеркнуть 65 98 36 38 11 49 52 53 27 28 93 94
полный 32 64 37 41 11 76 48 52 29
построить 41 11 77 86
пояснить 64 37 11 48 27
приходить 56 17 67 11
прогноз 57 42 11
прогнозироваться 11 68
продуктивность 11
происходить 64 40 11 45 14 21 55 57 27 29
просить 74 11 94
прошлое 32 11 38 15
прямо 11 92
рассказать 96 97 98 11 54 23 28 29
рассказывать 91 33 75 11
реально 11
резко 11
решимость 11
рождество 11
серьёзный 35 11 15 57 30
синхронизация 11
событие 11 47
старший 98 11
текстовый 51 11 30
телефон 67 33 58 11
топ 11 22
ход 90 11 47
авторизовать 12 60
апрель 72 17 12
гарантийный 12
гарантия 75 12
гласность 12
говориться 89 12 13 15 18 50 82 83 54 85 86 87 58 88 28
дискриминационный 12
документ 64 65 42 43 12 76 19 85 92
индийский 12
индия 12
колоссальный 12
комиссия 37 12 85 93 94
конкуренция 68 72 42 12 84 24
лишать 25 12
мера 32 99 41 42 74 12 46 48 19 83 56 25
микропроцессор 12
несоблюдение 12
обязать 12
описываться 12
отозвать 12
оштрафовать 59 12 61
пк 12
подробно 12
последствие 74 12 30
потребитель 72 41 12 15
право 66 12 13 30
практика 12
предать 12
предоставление 64 41 43 12
предъявлять 12
претензия 35 12
применение 89 19 12
применять 99 41 19 12
принять 70 12 45 80 52 56
приобрести 12 62
рассматривать 24 41 12 20
рубеж 12 20
случай 35 67 40 74 12 76 47 51 24
сообщаться 38 12 80 17 50 51 20 84 87 88 59
сообщение 12 13 17 18 23 33 47 50 51 54 59 64 66 67 80 82 83 85 86 87 88 89 97
соответствие 24 33 12
спорный 12
столкнуться 42 12 16 56 31
страна 33 65 35 67 68 42 12 47 17 81 83 52 89
сумма 69 39 12 44 79 17 18 83 88
упаковка 12
факт 32 57 12
характер 68 12 51 52 23
штраф 39 12 17 49 50 26 61
штучный 12
апелляционный 13
арбитражный 13
бесконтактный 13
ведомость 41 36 13
вести 33 75 13 20 85
взыскать 26 13 39
владелец 66 43 75 13 61 62 95
газета 32 96 13 15 89
госпошлина 13
девятый 13
жалоба 51 36 13
запретить 32 39 41 76 13 45 50 83 54 25 29
знак 13
иск 18 13
исключительный 13
июль 81 13
компенсация 68 13
материал 40 42 13 21 63
нарушение 35 39 13 79 17 50 51 52
обозначение 13
обслуживание 57 13
оплата 68 41 44 13 17
отказаться 64 13 47 94 63
переговоры 93 20 13
перечислять 13
платить 13
платёж 27 13
платёжный 41 13
подать 18 13 47
подача 13
принадлежащий 13
проведение 40 13 47
проиграть 13
развитие 65 98 35 38 70 41 13 47 80 86 55 24 89 93
размер 37 39 13 17 18 61
расход 13 15
руб 13
сбер 89 41 13 86
сбербанк 13 86
совместный 41 13
сотрудничество 35 13 93 94 63
суд 98 39 13 59 61
фита 13
экспертиза 99 13
александр 94 14 23
аудио 14
барнаул 14
ближний 14
весьма 91 14
вконтакте 38 42 14
власть 35 14 19 84 54 56 89 29
возможный 64 40 14 80 52 87 31
востребовать 14
вразумление 14
высказаться 46 25 48 14
диалог 52 29 14
дмитрий 39 40 42 45 14 29
друг 64 75 14
дуров 14 16 25 27 32 35 38 44 46 47 48 56 62 67 71 74 75 80 81 90 93 96 97
душевный 14
загрузка 32 14 46 16 48 54 56 25 30
замедление 32 35 36 14 48 51 54 23 56
замедлять 54 14
информация 14 18 20 27 32 39 41 43 46 47 54 56 57 60 65 71 78 99 100
кафедральный 14
микушина 14
минцифра 65 42 14
многий 14
молитва 14
молиться 14
мудрость 14
наш 14 47 90 93 95
нить 14
общение 62 52 14
общество 14
ограничение 14 19 25 27 32 36 39 40 43 45 46 47 48 49 51 52 53 54 56 64 65 67 78 81 83
опубликовать 100 69 71 14 47 81 85 86 57 58 61
павел 96 97 35 74 46 14 47 48 25
паства 14
песок 39 40 45 14 29
повод 100 41 46 47 14 48 25
подтвердить 14 18 23 25 27 30 32 43 46 47 48 52 53 58 70 72 88 95 98
покровский 14
помолиться 14
пострадать 14
президент 35 39 40 45 14 28 29 94 95
призвать 72 14
призыв 14 39
прокомментировать 14 50 51 93 26 28 29
пространство 14
работать 14 21 24 28 31 32 35 37 47 48 49 52 62 67 69 78 80 86 95 100
разговор 24 60 14
рассудительность 14
ркн 46 53 14 47
российский 14 16 17 20 26 29 32 35 36 39 42 45 47 48 50 51 52 53 56 71 80 83 84 86 89 90 91 93 94
рпц 14
рф 32 89 35 36 39 40 45 14 17 50 51 61 83 84 88 25 26 29
связь 33 40 45 14 47 80 21 27 94
святой 14
священник 14
священнослужитель 14
сегодня 38 75 14 51 52 87 24 57
сей 17 14 78
секретарь 39 40 45 14 29
служитель 14
собор 14
соединять 14
сотрудник 68 14 88 59 31
средство 41 14 47 15 88
страница 38 14
татианы 14
телеграм 14 47
терпение 14
услышать 14
февраль 14 25 32 34 36 42 46 48 51 59 62 75 79 81 83 87 90 91 93 94 100
церковь 14
часовня 14
чиновник 14
брать 57 15
госуслуга 49 15
действовать 39 42 47 15 81 84
заявка 82 15
заём 15
заёмщик 15
издание 89 36 70 41 46 15 20 87 25 58 27
инженерия 15
компрометация 15
кредит 49 15
кредитный 65 15
лицо 96 65 97 43 15 49 88 27 61
мошенник 67 45 15
мошеннический 74 15
мфц 15
наметиться 15
новогодний 15
обращаться 78 15
ожидать 87 15
отменить 65 15
пользовательский 99 76 15
почти 34 75 15 16 50 51 22
препятствие 15
публикация 96 38 47 15 49 81 82 87 23 58
россиянин 96 67 42 15 17 81 22 27
самозапрет 15
связывать 38 15
сделать 65 99 72 73 15 89
следовать 64 35 68 99 40 15
снимать 15
снятие 51 43 15
сторонний 33 67 99 72 78 15
схема 88 17 15
требование 64 35 36 45 15 50 52 53 29
третий 96 97 15 83 51 24
треть 99 15
усилиться 15
установленный 50 36 15
активность 64 99 69 43 16
алиса 16 91 62
аналитика 16 57
аналитический 16 99
взаимодействие 16 80 60 47
вовлечённость 16
впервые 71 72 78 79 16 31
второй 65 99 39 72 73 16 51 87 23 24 89 91 63
демонстрировать 16
динамика 16 57 68
драйвер 16
есть 96 33 67 71 42 91 44 45 46 47 16 17 24 57 27
заметный 16 24 99 86
зафиксировать 16 99
игрок 38 16 52 90 94
индустрия 16
интерес 16 24 22 47
исчисление 16
китайский 16 75 19 70
лидерство 16 89 70
метрика 16
нарастить 16
обойти 16
ориентир 16
отечественный 37 42 46 16 52 28
отметка 16 68 61 79
оценка 64 99 40 72 45 16 20 85 57 29 30
первенство 16
перехватить 16 74
полугодие 16
полярный 16
популярный 99 71 76 78 47 16 80 18 22
поэтому 32 67 70 71 40 16 48 80 89
прибавить 16
прирост 16 72
приток 16
проявлять 16 29
раз 97 38 70 75 16 81 19 22 23 26 28
распоряжение 16
резкий 16
скачать 16 33
скачивание 16 18
служить 16
сохранить 34 35 71 72 47 16
темп 16 68
увеличиться 34 38 73 16 54 24
универсальный 16 24 86 41
установка 16 24 82 63
фактически 16 32 48 74
формальный 16
чей 16 24 27 94
авто 17 82 71
автоматически 64 38 74 77 80 17
авторынок 17
акциз 17
армения 17
белоруссия 17
валютный 17
ввезти 17
ввести 37 42 74 44 17 19 83 89 27
вводить 17 74 83 52
ввоз 17
ввозить 17
ввозиться 17
выгода 17
выходить 17 57
готовиться 17 42 78
грузовой 17
декларация 17 82
доначисление 17
доплатить 17
еаэс 17
единый 64 65 98 41 17 52
журнал 17
заключаться 17 74 27
занижение 17
занизить 17
запросить 17 78
извещение 17
изменить 72 17 19 85 54
иномарка 17
иностранец 17
исключать 17 20
итоговый 17
казахстан 17
киргизия 17
коммерческий 24 17
компенсировать 17
контроль 65 17 67 85
контролякром 17
коснуться 17 54
криптовалюта 17 83 62 79
купить 17 91
легализация 88 17
легальный 17
личный 64 17 60 57
машина 17 57
механизм 17 74 57
минпромторг 17 37
наличка 17
наличный 88 17
налоговый 17 37
напрямую 17 99 92 94
ндс 17 37
независимо 17 41
нельзя 17
нерезидент 17
нужно 35 40 45 17 26 91 29
образ 68 17 50 22 59 61 62
объясняться 96 17 75
одинаковый 17 52
ордер 17
освобождаться 17
официальный 34 35 36 67 71 74 47 17 87 55 62 63
оформить 65 17 36
перепродажа 17
покупка 38 75 17 20 91 62
пользование 17
пора 81 17 78
последующий 17 86
потерять 17 23
пошлина 17 37
пояснять 17
правило 64 37 76 17 52
правительство 65 17 42 89
привозить 17
приходный 17
разница 17 45
рассчитываться 17
растаможкудо 17
растаможня 17
растоможка 17
расчёт 17 78
ру 17 47
сбор 17 47 23
связать 67 68 76 79 48 17 57 93 94
сделка 17 84 49
смысл 17
соседний 17
сравниваться 17
ставка 72 17 37
существовать 32 17
сэкономить 17
таможенный 17
таможня 17
территория 17 35 36
товар 37 38 41 17 83
тпо 17
уменьшить 17
уплата 17
уплатить 17
уравнять 17
условие 65 68 37 90 41 73 17 52 93 86 26 29 94
утилизационный 17
утильсбор 17
учесть 17 85 61
учёт 17 91
физлицо 17
член 17 52
юрлицо 17
альбом 18
аудиозапись 18
аудиофайл 18
библиотека 33 18
блог 18
вместе 24 18 80
войти 42 18 83 84 57 30
всемирно 18
встроить 33 34 100 18 58 63
гб 18 91 34
гигант 18
даркнуть 18
желать 18 47
заметить 18
заниматься 18
запись 32 43 48 18 30
звукозаписывающий 18
известный 18 67 34 30
издатель 18
исполнитель 18
копия 18
лейбл 18
метаданные 18
мультимедийный 18 71
наименее 18
незаконный 18 83
немыслимый 18
обложка 18
опубликовывать 18
открыть 33 35 71 81 18 93 30
постепенно 24 57 18
поэтапно 32 18
предположительно 18
прослушивание 18
публиковаться 18
размещаться 18
резервный 18
скопировать 18
сложность 18 94 31
содержать 65 18 30
сомнительный 18
состоять 18
становиться 64 35 18 24 57 27
стриминговый 18 100
судебный 96 49 18
тб 18 34
теневой 18
торрент 18
трек 18
трлн 18
учётный 18 43 30
файл 32 46 48 80 18 53 23 25 30
цифровой 65 33 35 99 73 80 18 52 84 85
часть 65 98 39 74 43 76 79 18 57 59 92 95 31
являться 65 38 70 47 18 87 58 27 63
ажиотаж 19
американский 27 19
безопасность 89 33 65 99 69 74 43 79 19 52 25 30
бизнес 57 98 19 20
биология 19
дистилляция 19
защита 34 99 36 91 76 47 79 19 52 84 58 59 63
извлекать 19
китай 25 82 19
лаборатория 19
методика 19
национальный 32 98 48 19 28
обвинить 96 59 19
область 42 77 51 19 61
обойтись 19 62
обучение 24 19 86
обход 48 19
обходить 19
основной 32 33 34 65 73 74 19 58 63
передовой 19
представитель 65 41 45 19 23 63
представление 19
представлять 75 77 19 91 61 62
привести 79 47 19 89 94
прорыв 19
распространение 58 19
расследование 19 85
рассуждение 19
риск 69 80 49 19 85 88 57
скрытый 88 19
совершить 19
сотня 19 47
считать 65 35 70 42 47 19 20 85 25 26 29
сша 89 70 19 24 57 60
угроза 26 19 76 30
утверждать 32 19
химия 19
эффективность 86 19 60 38
авиабилет 20
авиасейлс 20
агрегатор 20 93 94
актив 20 79
акционер 20
альфа 41 20
банк 65 41 83 20 88
барьер 20
владение 20
владеть 20
дёшево 20
заинтересоваться 20
затруднять 65 20
илья 20
инвестбанкир 20
инвестиционный 20
инвестфонд 20
интересант 20
коммерсантъ 20 46
круг 20
менеджмент 20
находиться 33 79 47 20 27
нет 32 39 44 20 89 26 29
объективный 20
опровергать 20
организация 32 99 72 41 45 49 20 28 29 94
оценивать 24 43 20
переориентироваться 20
подготовка 24 57 20
поисковик 20
покупатель 41 91 20 62
потенциальный 20 47
предел 20 68
предложение 41 20 88 57 93
приобретение 20
продажа 38 20 57 91 93 94
продать 20 79
рубль 34 68 39 91 75 50 20 23 88 26 59 61 62
сказать 35 45 47 20 84 26 28
собеседник 91 20
собирать 99 20
собственник 20
стадия 20
структура 77 47 20 24 57 94
существенный 64 34 20
финансовый 65 37 41 20 24 57
шум 73 20
баг 33 74 21 31
видимо 21 47
выполнять 35 45 21 86 92 29
геопозиция 21
действие 96 66 74 21 86 87 59 61
делиться 21
достаться 21 47
здоровье 72 60 21
индивидуальный 21
инсайдер 73 21
календарь 21
модем 33 21 87
обещать 100 21 70 31
партнёрство 21
персонализация 100 60 21
поддерживать 96 100 69 71 41 21 24
подключение 21
подписка 81 27 21
подсказка 21
поколение 34 72 21 87 57 91 92
полноценный 32 47 21 29 95
потому 21 47
прогнозировать 21
продолжить 32 50 53 21
разрабатываться 21
сконцентрироваться 21
следующий 32 66 68 74 83 21 22 24 57 91
слух 21 87
совет 35 21
спутник 21
спутниковый 21
стабильность 57 21 94
уменьшение 21
фишка 21 95
фотография 64 27 21
ходить 21
абонент 22
активно 22
возраст 64 43 22
возрастной 64 43 22
выглядеть 67 68 22 24 57
зарегистрировать 22
категория 33 72 76 77 22 30
конкретно 67 22
мобильный 72 42 22 23
мтс 99 91 22
наблюдаться 56 57 22 30
пользоваться 42 67 53 22
проанализировать 22
ретро 22
сильно 22
старый 96 69 22 63
уточняться 22
автоматический 64 43 78 23
авторизация 74 67 23
активный 67 68 69 23 28 30
анфис 23
владислав 23
выпуск 100 23
выступать 96 41 23
грозить 23
доставка 60 23
зарубежный 89 42 37 23
иванов 23
иметь 96 65 81 82 87 23 58 91 60 30
инфраструктурный 48 23
комментировать 56 47 23
кондрашов 23
лаптев 23
направление 68 46 23 24 57 92
обмен 97 47 23
оперативность 23
оперативный 65 34 100 23
отправка 70 54 23
признать 61 23
регистрация 56 23
рисковать 23
сбой 36 46 51 54 23 56 86 31
сборка 47 23
статус 65 43 49 23 24
стор 23
студия 63 23
тематический 32 77 23
тестировщик 23
тестовый 64 31 23
транспорт 23
тузовский 23
уведомление 33 76 85 23
ударить 23
уход 57 23
фидбэк 23
штука 47 23
альтернатива 24
аргумент 24
армия 24
безусловный 24
бесплатно 24 80 44
большинство 68 100 43 24 89
буткемп 24
бюджет 24
ведущий 24 67
вернуть 24
вовсе 24 99
возникать 24 57
восприниматься 24 57
вуз 24 57
входить 24
выбор 24 33 66 64
выбрать 24 41 66
выпускник 24 57
гендерный 24
готовый 24 52 29 86
группа 24 66 94 47
далёкий 24
девочка 24
делать 97 67 70 47 81 24 90 95
диплом 24 57
довольно 24
дополнительный 24 82 69
дорожать 24
душаможный 24
единственный 24 27 95 47
желательный 24
занимать 24 29
изначально 24
иначе 24 57
й 24
картина 24
карьера 24 57 68
карьерный 24
класс 24 72 69
колледж 24
критерий 24 99 84
курс 24 100 62 79
лежать 24
логика 24 90 52
мальчик 24
мать 24
меняться 24 57 68 100
навык 24 57
назвать 24 41 99 92
называть 24 25 95
настаивать 24
настроение 24
неакадемический 24
нетнесмотреть 24
неудача 24
нюанс 24
образование 24 57
образовательный 24 57 72
одновременно 32 72 73 48 24
она 32 33 96 100 38 74 24 60 29
оплатить 44 49 50 24 91
оплачивать 24
определиться 24
определять 24 86 38
опросить 24 79
ориентироваться 24 57 29
особенно 24 57 100
остальной 67 99 69 39 24 89 95
остаться 100 43 45 47 24 59 29
отделение 24 73
отец 24
отказ 24 26 50 54
отправить 24 70 30 79
отучиться 24
очевидный 24 57
паузыв 24
пересдача 24
перспективный 24 72
платитьести 24
платный 24 44 92
подготовкойещё 24
польза 24 94 63
понятный 24 41 52
попасть 24 99 43
попробовать 24
поработать 24
посвятить 24 86
поступить 24
похожий 24 57 58 87
правильный 24
предпочтительный 24
предсказуемый 24
прикладной 24
приниматься 24 56 80
принятие 24
приоритетный 24
программа 98 70 41 42 46 24 57
профессиональный 24 90
профессия 24 57
проходить 24 56
разбираться 24 57
разный 24 67 93
рассчитывать 24 100
расширяться 24
ребёнок 24 84
родитель 24
родительский 24 85
свобода 24 89
семья 24
сертификат 24
склонный 24
сначала 24 32
совмещать 24
совмещение 24
сомнение 24
соответствовать 24 42 67 94
средний 24 68
стажировка 24
старт 24 80
степень 24 57
столько 24 57
сторонник 24 25
строиться 24 57
сценарий 24
счёт 24 34 88 79
таковой 24
типичный 24
траектория 24
труд 24 57 68 47
удаться 24 26 32
университет 24
университетский 24
усиливаться 24
усложняться 24 47
фиксировать 24
финансировать 24 41
фон 36 69 73 45 79 24 63
формат 24
целое 24 47
шаг 98 35 38 24 94
школьник 24
экзаменовести 24
активист 25
акция 25
большевистский 25
велосипедный 25
война 25
вход 25
вышеупомянутый 25
государство 65 46 48 50 52 53 25
гражданин 65 36 46 47 48 49 52 55 25 26 28 61
деятель 25
замок 25
запретительство 25
информационный 65 99 74 47 82 52 25 28
лимонов 25
лозунг 25
медиа 32 45 46 48 56 25
москва 32 68 39 50 51 25 90 59
московский 39 44 51 25 59
надзор 25
напомнить 89 36 46 48 51 87 56 25 26
настроить 25 91 78
нацбола 25
национал 25
незарегистрированный 25
необходимо 33 42 49 84 85 25 27 57
новость 32 100 71 77 47 52 25 93
обеспечивать 69 52 25 93 63
ограничительный 32 25 48 46
осторожно 32 25 47
отношение 32 89 99 39 46 47 48 50 52 84 54 85 56 25
офис 25 95
партия 25
патриотический 25 47
перейти 38 74 44 46 48 25
плакат 25
площадка 32 38 75 47 79 25 62
политический 48 25 46 47
проводить 25 85
пройти 25 58
пророссийски 25
пытаться 96 67 46 47 48 25
разместить 25 33
роскомнадзор 32 35 36 67 39 45 46 48 50 51 52 53 54 55 56 25
роскомпозор 25
рядом 33 41 77 51 25 60 57
связанный 85 88 25 27 57
слежка 48 25 99 46
успешный 25 98
цензура 48 25 46
экстремистский 32 39 45 25 29
андрей 26 98 38 47
антон 26 52 37
вернуться 26 52
вменяемый 26
выплатить 26
выразить 26 36
горелкин 26
госдума 65 36 51 52 54 55 26
громкий 26
депутат 36 52 54 55 26
допустить 65 26
заключение 26
заключить 48 26 96
законодательный 65 26
заплатить 26
заявление 32 96 37 45 51 55 26 59 95
капитализация 26
квинтиллион 26
космический 26 70
надежда 26
операционный 26
орган 26 50 63
повлечь 26
подчёркивать 96 43 47 26 63
полностью 66 99 72 80 84 26 31 63
постепенный 26 51 37
превышать 26 50
работоспособность 26
свинцовый 26
соглашение 26
специально 26 30
сработать 26
убеждённый 26 35
уточнить 26 52
шанс 26 29
блокировать 32 27
восстановить 27 52
выступить 41 27
европейский 27
загрузить 32 27
личность 64 27
муртазин 27
недоступный 27
облачный 99 47 80 27 31
отказываться 27
первоисточник 27
портал 32 49 27
принимать 99 35 27 28
приостанавливать 27
приём 27
продлевать 27
прояснять 27
ранний 67 27
распространить 27
расшириться 27
род 27
санкционный 83 27
санкция 27
сми 96 74 27 71
снять 49 27
совпадать 27
список 32 64 99 71 76 83 57 27 93
удалять 27
удостоверение 27
фио 27
читатель 56 27
эксклюзивный 27
эльдар 27
викторов 28
вынудить 100 97 59 28
жкх 28
клиент 41 28 46 79
колл 28
коллизия 28
мат 28
михаил 80 28
моделирование 28
набраться 28
научиться 28
обращение 99 28
общаться 28
объединение 28
отучить 28
повестись 28
робот 59 28 86
русский 96 28 94 47
сократить 28
сфера 65 35 37 70 72 57 28
тасс 98 40 45 50 84 28
устранять 28
штат 28
бескомпромиссный 29
возобновление 29
вступить 64 29
договориться 29
законодательство 35 36 39 45 47 50 51 52 53 29
зачем 45 29
иностранный 47 29 52 56 61
неготовность 29
объяснить 45 55 62 29 94
позиция 96 99 47 50 53 90 29
признанный 32 45 29
принадлежать 32 76 45 59 29
разблокировка 29
соблюдать 35 29 47
тогда 45 75 37 29
администратор 80 30
блокнот 30
важность 36 30
влияние 40 47 30 57 94
возникнуть 35 36 30
вредоносный 69 30
выполнить 91 77 30 63
доступность 30
запускать 80 30
запуститься 30
затрагивать 89 30
злоумышленник 88 74 30
идентификатор 30
инцидент 30 79
классифицировать 30
кликабельный 30
кликнуть 30
компьютер 30
конфиденциальность 53 30
нейтрализация 30
неправильно 30
неправильный 30
непроверенный 30
обман 30
обработчик 30
отображать 90 44 30
письмо 30
плохой 30
подозревать 30
приводить 40 46 30
проверять 30
протокол 54 50 30 95
раскрыть 96 97 30 63
распространяться 30
реагирование 30
редактор 56 57 67 30
рейтинг 99 30
сервер 32 64 36 43 46 48 80 30 31
современный 52 69 30
счастие 30
уязвимость 99 30
февральский 66 30
целостность 30
эксплуатация 30
электронный 37 30 63
элемент 66 83 30 63
ассистент 78 62 31
веб 57 74 78 31
весна 72 31
включать 33 76 91 60 62 31
встреча 36 31
дальнейший 80 65 31
дедлайн 31
длительный 31
долгожданный 31
запланировать 34 31
иногда 31
комплексный 31
намекнуть 31
неанонсировать 31
обработка 64 57 77 31
означать 32 48 31
отложить 31
отсрочить 31
отсрочка 31
первоначальный 31
переключаться 66 31
поиск 66 78 56 60 31
продвинуть 31
разрабатывать 72 31
распределять 31
речь 32 47 48 52 57 95 31
упомянуть 31
август 32 56 51 74
адрес 32 33 48 49 56
алексей 32 48 36 37
браузер 32 33 42 100
вводиться 32 56
вероятный 32 95
вечер 32
видеохостинг 32 48 84
всплывать 32 41
выдавать 32 92
выдать 32 67
вызов 32 78
говорить 32 40 79 47
домен 32 48 67 74
доменный 32 48
желание 32 66 85
замедлить 32 47
замедляться 32
заявлять 32 83 52
имя 32 49 48 75
исчезновение 32 48
исчезнуть 32 48
мнение 32 35 47 85 94
многократный 32
мощность 32 34 48 82 87 58 63
независимый 32 48 46
никто 32
оборудование 32 98
ограничить 32 33 65 79 48 52 56 88
оператор 32 33 67 57 93 94
освещаться 32
освободиться 32 48
основное 32 50
открываться 32 73 48
отображаться 32 66 60 61
официально 32 66 35 43 82 56
очередь 32 67 48 51 57
подтверждать 32 56 86 95
попытаться 32 59 70 79
провайдер 32 67 78 80 54
проверить 32 99 71 75 49
регулятор 32 41 65 55
ресурс 32 65 34 35 47 48
таймаут 32 46
тайный 32
там 32 96 71 40 47
телек 32 48 54
трафик 32 48 99
тспа 32 48
убрать 32 33 48
удаление 32
указанный 32 88
учакина 32 48
фильтрация 32 48
хабра 32 68
хватать 32 48
ъ 32 40 46 98
эффективно 32 85
аксессуар 33 87
активация 33 78
астрономия 33
браслет 33
виджет 33
воздух 33
доступно 33 92 95
ес 89 33 83 85
закон 33 35 99 42 45 50 84 85 89
заметка 96 33
капот 33
кросс 33
легко 33 57
местоположение 33
настройка 33 66 67 43 44 86 60 63
наушник 33 58 91
несколько 64 33 66 98 38 74 47 83 95
номер 33 67 75 81 94 93 62
обои 33
определение 33
ос 33
переадресация 33
переключатель 33 63
перенести 33
переписка 96 33 97 35 45
переспектив 33
пересылать 33 99
платформенный 33
погода 33
погодный 33
подключить 33
пресет 33
приблизительный 33
прочее 33 83
раздел 33 66 44 76
разделить 33 77
район 33
релизный 33
родный 33
ряд 64 33 66 47 81 82
сброс 33
системный 80 33 69 95
сквозной 33
сопряжение 33
стандарт 33 58 98
требоваться 33
умный 33
упрощённый 33
фоновый 33
фото 33 66
час 33 91 51 86
часы 33 91 44
читать 33 71 45 47 90
шифрование 33
аккумулятор 34 58
белый 89 34
беспроводный 34 72 87 58 91
вт 34 91 58 87
габарит 34 91
грамм 34 58
гц 34 58
диагональ 72 34 63
евро 34 37
европа 34 58
европестартовый 34
зарядка 34 72 87 58 91
захват 34 99
зум 34
качество 34 67 42 91 92
конфигурация 57 34
коротко 34 71
кратное 34
линейка 34 98 72 73 58 92 95
ма 34
магнит 34 87
масса 34
младший 34
модуль 72 34 91
мп 73 34 91 58
накопитель 34
немецкий 34
ночной 34
обеспечить 89 34 37
объектив 73 34 91 58
оптический 34 91
особенность 34 91 90
пиксель 34
питание 34
предусмотреть 64 34 51 84 91
премьера 34 42 87
проводной 34 91 58
продаваться 34
прокачать 34
разрешение 73 34 99 100
свет 73 34
светосильный 73 34
сенсор 73 34
снимок 34
стекло 34 91 66 63
технический 34 36 72 80 86 87 57 63
улучшить 34
фиолетовый 34
флагманский 72 34 91 92
характеристика 73 34 58 87
ч 34 82
частота 100 34 58 85
чёрный 34 83 63
ёмкость 34 91 58
бывший 35 63
ведомство 35 36 37 51 53 56 88
взаимодействовать 62 75 35 38
вообще 99 57 35 47
выражать 35
герман 35
гибкость 35 86
добить 35
думать 40 35 55 47
инвестор 75 35 79
клименко 35
ладный 35
наладить 35
никакой 56 58 35 52
осторожность 35
очень 35 45 47
поддержать 35
помочь 73 74 35
почувствовать 35
председатель 35 36
представительство 35
преступник 74 35
противодействие 35 36 52
рядовой 35 47
советник 35
согласие 35
сотрудничать 35
специалист 98 35 68 40 80 57
сразу 64 35 38 57 58
ссылаться 35 36
сторона 35 67 45 51 52 56 59 94 63
террорист 35
уверенный 35 55
фонд 35
экстремизм 35 36 52
я 96 35 40 45 47 55
володин 36
вячеслав 36
законность 36
закрытый 72 36
заседание 65 59 36 55
инициатива 36 37
кпрф 36
куринном 36
куринный 36
мошенничество 65 36 52
недовольство 36
необходимость 81 36
нижний 66 36 68
обратиться 36
основание 88 36
палата 36
парламент 36
пленарный 36
поручение 36
порядок 94 36 62 39
правовой 99 36 52
протокольный 36
размещение 36
разъяснение 43 36
рассмотреть 36
русскоязычный 36
спикер 36
терроризм 36
алиханов 37
взимать 37
выравнивание 37
доработать 37
дорогой 37
замминистра 37
идея 41 37
импорт 37
импортный 37
интерфакс 65 37
кардинально 37
конкурентный 37
м 91 75 37
маркетплейс 37 38 41 80 84
министерство 40 82 37
минфин 88 37
налогообложение 37
намеренный 37
обсуждаться 37 55
пересмотр 57 37 94
продавец 37 38
прозрачный 45 37
сазан 37
справедливый 37
торговля 83 37 79
торговый 41 37
трансграничный 37
уделить 37
участник 66 90 37
финансы 37
авторский 38
алгоритм 38 73 43 77 57
артикул 38
гостев 38
дорожок 38
карточка 38
клик 60 38
клип 38
коммерция 38
конверсия 38
лента 38
маркетинг 38
механика 66 38
монетизация 38
нажатие 41 38
олег 38
операция 38 47
открытие 57 38 78
перенаправить 38
переход 72 69 38
пилотный 38
плашка 38
повысить 38 87
полгода 38
понравиться 38
пример 38
рекламный 57 38
увеличить 81 73 92 38
административный 57 61 39
деятельность 88 39
задолженность 49 50 44 39
исполнительный 49 39
исполняться 39
касаться 100 39
коап 39
назначить 61 39
наказание 61 39
наложить 39
неоплаченный 39
неудаление 39
ничего 96 39
открыто 52 39
превысить 39
прекратить 97 94 39
принудительно 39
регулировать 73 39
складываться 39
столица 39
судно 39
судья 50 39
таганский 39
юрисдикция 39
адресовать 40
валерий 40
вероятность 40 66 47
господин 40 97 52 93
гуманитарный 40 47
заглавный 96 98 40 72 45 93
зона 40 57 47
координация 40 47
любой 66 40 45 80 52
минобороны 40
невозможно 40 52
обеспечиваться 40
оборона 40 89
озвучить 40
ответить 40 100 45
подробный 40 80
прочитать 40
сво 40 47
трудно 40
фронт 40 47
фронтовой 40
цитата 40
шарифулина 40
втб 41
департамент 41 98
деталь 41 63
екатерина 41
зависеть 41 100
запрет 64 41 83 52
значимый 41
конфликт 41
лозгачёв 41
лояльность 41
меморандум 41
минэкономразвития 41
мягкий 89 41
наиболее 89 41 69 57
начаться 41 91 44 70
окно 41 66 92
привязать 41 75 62
привязка 41 62
применяться 48 41 68
прорабатываться 41
радикальный 41
регулирование 65 41 42 84 89
сбалансированный 41
скидка 41
совкомбанк 41
спор 41
стратегический 41 78
субсидирование 41
так 41
урегулирование 41
форма 41 90 91
цб 41
центробанк 41
адаптировать 42 43
аппарат 42 70
вица 42 95
выполнимый 42
григоренко 42
жёсткий 42 67
известие 42
качественный 42
намерить 42 83
направить 42 74 61 98
независимость 42
норма 42
обязательный 42
перечень 42 76
почта 42
предстоять 42
предустановка 42
присутствовать 42 99
продавать 42
расширять 42
согласование 42
технически 42
укрепление 42
успех 42 66
утвердить 42 83
администрация 43
взрослый 43 85
государственный 96 65 43
затронуть 64 43 46 79 48
зачастую 43
иметься 43 71
определить 43
определённый 64 66 43 78
паспорт 43
паттерн 43
поведенческий 43
подтверждение 64 66 43 47
проверка 64 99 69 43 49 61
прогнозирование 43
прошедшее 43
разъяснить 43
селфи 58 43
сканирование 43
совершеннолетний 43 60
сообщество 90 43 47
среда 80 43
точно 65 43 44
авторизоваться 44
банковский 65 44
берёзкин 44
бесплатный 44 60
геосервис 44
диаметр 44
дорога 44
знать 99 44 47
избегать 44
максим 44 94 84
минута 44 79
мсд 44
непосредственно 64 44
отобразить 44
подсказать 44
помогать 44 47
построение 44
предупреждение 64 44 76
приближаться 44
проезд 44
профиль 64 66 44 74
скоростной 44
стс 44
сюрприз 44
трасса 44
учитывать 44
абсолютно 45
ввод 45
жаль 93 45
интервью 45
ньюм 45
обеспокоенность 45
почему 45
спецслужба 45
тормозить 45
юношеский 45
вдвое 46
обратно 46
ограничиваться 46
округа 46
пакет 65 83 68 46
развивать 82 46 98
существующий 64 66 76 46 47
теряться 46
узнать 49 74 90 46
форк 46
адекватный 47
американец 47
белорус 47
беспилотник 47
боевой 47
бой 47
вложить 55 47
внешний 64 100 47 80 91 63
внимательный 47
вовне 47
военный 47
воздействовать 47
волноваться 47
восторг 47
впн 47
враг 47
вражеский 47
вряд 47
встречаться 47
всякий 67 47
выигрышный 47
выстроить 47
давно 56 47
далее 47
деньга 55 47
дойти 67 47
донатить 47
доносить 47
европеец 47
жертвователь 47
завтра 47
задать 47
здесь 57 47
изобретатель 47
информационка 47
инфраструктура 68 75 47 80 93
испытывать 47
казаться 47
казах 47
капсулироваться 47
коммуникация 57 47
комплекс 54 47
крепкий 47
лобби 47
макс 47
мастерский 47
медведев 47
медиасегмент 47
мир 64 47 80 86 89 90
надо 47
налаживаться 47
напоминать 47
наработать 47
настолько 47
недоумевать 47
неравнодушный 47
несвоевременный 47
нравиться 47
нужда 47
нужный 47
нынешний 47
обмениваться 47
обратный 80 47
обращать 47
озвучиваться 47
оказать 47
окончательно 47
оперативно 47
орфография 47
освещать 47
оставить 47
отрубить 47
перестраивать 47
повестка 47
подсадить 47
послезавтра 47
потеря 47
потребоваться 47
прекрасно 47
преувеличение 47
приблизиться 47
прим 47
припомнить 47
противник 47
противоборство 47
прочесть 47
прочтение 47
пунктуация 47
радиостанция 47
разрешить 78 47
регистрировать 47
ред 47
ровно 67 47
рука 78 47
русскоговорящий 47
сегодняшний 47
семейный 47
сетка 47
сидеть 47
сильный 57 47
советский 47
совсем 47
согласный 88 47
спросить 47
суверенитет 52 47
суть 47
сходиться 47
тг 47
тд 47
транслировать 47
уверить 47
уверять 47
удачный 47
украина 81 61 47
украинец 47
упоминаться 76 47
хотеться 47
авалишвили 48
джемали 48
интегратор 48
лазейка 48
неугодный 48
пакетный 48
получать 48 66 69
ультиматёк 48
алименты 49
арест 49
благонадёжность 49
ведение 49
выезд 49
граница 49 67
долг 49 50
должник 49
избежать 73 49
имущество 49
контрагент 49
налог 49
неисполненный 49
обязательство 49
отчество 49
оценить 80 49 85
подготовиться 49
пристав 49
регион 64 68 77 49 58 93
рождение 49
фамилия 49
физический 65 73 74 76 49 85 86 88 57 63
фссп 49
чужой 49
юридический 49
измениться 50 53
неисполнение 50 53
правоохранительный 50
срок 50 70
алтайский 51
башкортостан 51
воронежский 51
делить 51 92
загружаться 51
игнорировать 51 52
иркутский 51
край 51
краснодарский 51
красноярский 51
кузбасс 51
медленно 51
мяч 51 52
некорректный 51
новосибирский 51
носить 51 52 68
обратимый 51 52
омский 51
отправляться 51
пермский 51
петербург 98 51 68
поступать 51
поэтапный 51 52
приморский 51
ростовский 51
самарский 51
санкт 98 51 68
саратовский 51
свердловский 51
систематически 51
сожаление 51
татарстан 51
устранение 51
устранить 72 51
утро 51
челябинский 51
четверть 51
базовый 72 52 85 86 89 93 94
дискриминация 52
защитить 57 74 52
комитет 65 52 54 55
международный 67 52 86
немкина 52
поле 52
последовательно 52
преступный 88 52
принципиально 72 52
продолжать 68 69 74 52 85 57
риа 52 93
соблюдение 52
устраняться 52
цель 65 100 52 89 63
соглашаться 53
делаться 54 95
имущественный 54
медиафайл 54
петербургский 54
повлиять 54
пост 56 100 77 54
программный 73 78 54 91 92
ротонда 54
утром 54
ухудшиться 54
частность 65 54
данный 59 85 55
евгений 93 55
контакт 55
попов 55
посмотреть 57 55
звонок 56
иллюстрировать 56
октябрь 56
онлайн 56 78
отслеживать 56 65 99
подобный 56 57 72
последовательный 56
профильный 56 65
убедиться 56 81 67 95
ухудшение 56
частичный 56
автоматизироваться 57
авторыспециалист 57
аккуратно 57
близкий 100 72 78 57 95
бортпроводник 57
бронированиюрадиоведущий 57
быстрорастущий 57
великобритания 64 57 89
верхний 57
взгляд 57
выше 57
гарантияпоказательный 57
демонстратор 57
дикторыброкерский 57
документациикорректорыхостесредакторыпреподаватель 57
долгосрочный 57
домохозяйственный 57
задуматься 57
закономерно 57
замена 57 66 74
занятость 57
заставлять 57
защитный 57 91
здравоохранение 57
зумера 57
измененийв 57
инвестиция 57
инвестициямархивистыпреподаватель 57
интеллектуальный 57 90
интересно 57
интерпретация 57
исследованиямдиспетчер 57
исследователь 57
историк 57
историкибортпроводник 57
клиентский 57
коллега 57
коммутатораспециалист 57
компьютерный 57 83
конкурировать 72 57 68 70
консультант 57
маркетинговый 57
математика 57
математический 57
надёжный 57 69 87 71
наладчик 57
насколько 96 57
недавний 57
новостейматематикитехнический 57
объяснение 57
оказываться 57
операционист 57
опытный 57
осторожный 57
ответственность 57 61
относительный 57
офисный 57
пациент 57
переводчик 57
переставать 57
писатель 57
письменный 57
площадейспециалист 57
подверженный 57 63
подменять 57
поколенческий 57
положительный 57
получиться 57 100
понятие 89 57
присутствие 64 57
приходиться 57 68
продукциименеджер 57
прокатадат 57
разноплановый 57
разработчикибизнес 57
рано 57
распределяться 57
расслабиться 57
репортёр 57
сайентист 57
связибилетный 57
сделокпреподаватель 57
сектор 57
сервисупрограммист 57
службоператор 57
сопровождение 57
специалистыпромоутер 57
спискусписка 57
станок 57
статистикесотрудник 57
стойка 57
стоять 72 57 91
структурироваться 57
стюард 57
стюардессыменеджер 57
судить 57
счетовассистент 57
телефонный 57
тотальный 57
традиционно 57
трансформация 57
трансформироваться 57
туда 57
управлениюгеографымоделианалитик 57
усиливать 57
услугписатель 57
успокаивать 57
устный 57
устойчивеепрь 57
уточнять 57 98 69
учитель 57
фермерский 57
фигурировать 57
формулировка 57 76
хозяйствамителемаркетологиконсьержиполитологижурналист 57
частично 57
чпутелефонист 57
широкий 76 77 82 57 58
экстренный 57
эмпатия 57
эффектдлить 57
бытовой 58
вес 58
влага 58
выпускать 58
гаджет 58
глубина 73 58
датчик 58
дебютный 58
драгоценный 58
жутко 58
задний 58 82 87
замечать 58
камень 58
лёгкий 58
макрокамера 58
мач 58 91
оснастить 58 87
отпечаток 58
палец 58
панель 66 100 72 82 87 58 92 63
позолотить 58
польша 58
презентация 58 92 63
проникновение 58
разъём 58
расположить 58 77
сверхширокоугольный 58
сзади 58
сканер 58
телеобъектив 73 58
техника 58 83
толщина 58 91 100
тонкий 58
ультразвуковой 58
флагман 58
встать 59
гаи 59
городской 59
госавтоинспекция 59
двигаться 59
дорожный 59
доставщик 59
мещанский 59
обжаловать 59
отклонить 59
передать 66 59
пешеход 59
помеха 59
помешать 59
проезжий 59
районный 59 61
рободоставка 59
тротуар 59
умысел 59
умышленный 59
беседа 60
визуально 82 60
влиять 60 94
заверение 60
конфиденциальный 60
маркировать 60
набор 75 60 62 92
обобщённый 60
объявление 60 95
отделить 60
отключать 60
подбираться 60
показ 60
показываться 60
приготовление 60
просматривать 60
рекламодатель 60
рецепт 60
содержание 60
тарифный 60
чётко 60
алакуртти 61
василий 61
видный 66 61
вина 91 61
виновный 61
дискредитация 61
жительство 61
иждивенец 61
иноагент 61
йовдия 61
квалифицировать 61
ковдорский 61
лайк 61
минюст 61
мужчина 61
мурманский 61
назначение 61
обнаружить 99 61 79
общественный 61
одобрительный 61
опасность 61
пенсионер 61
пограничный 61
поставить 61
постановление 61
привлекаться 61
признание 61
провести 98 99 61
публичный 77 61
раскаяние 61
реестр 65 61
село 61
счесть 61
теракт 61
фсб 61
анонимный 75 76 62
аукцион 75 62
блокчейн 62
вызывать 85 62
выиграть 62
выяснить 62
выясниться 62
доллар 75 62
инлайна 62
кошелёк 62 87
минь 62
неизвестный 62
отдать 75 62
подборка 62
потратить 75 62 95
примерно 70 62 79
юзернейм 75 62
абсолютный 75 63
айв 63
алюминий 63
анодировать 63
бесконечный 85 63
вдохновить 63
вертолёт 63
вневременный 63
возвращение 63
возглавлять 63
вторично 63
графика 100 63
джони 63
дизайн 66 82 85 87 91 63
дизайнер 63
док 63
доминирование 63
закрепить 84 70 63
изготовить 63
интерьер 63
исключить 89 65 63
ключ 63
когнитивный 63
колесо 63
консоль 63
контрастность 63
концепция 89 65 63
л 82 63
лазер 63
логотип 63
магнитный 63
механический 63
микроотверстие 63
нагрузка 63
ньюсоном 63
объект 73 63
отделка 63
отображение 63
пассажир 63
передний 82 63
пластика 63
поворачивать 63
подсветить 63
предусматривать 63
прибор 63
приборный 63
применить 63
проделать 63
рулевой 63
руль 78 63
салон 63
светодиод 63
сенсорный 72 63
силовой 63
сознательно 63
спидометр 63
тактильный 63
тип 91 63
указатель 63
упрочнить 63
устаревание 63
фирменный 63
характерный 63
химически 63
цвет 66 63
человекоцентричность 63
чернила 63
шарнир 63
шасси 63
шкала 63
электрический 82 63
электрокар 63
этап 65 85 86 63
австралия 64
автоматизированный 64
биометрия 64
верификация 64
видеоселфи 64
входящий 64
незнакомец 64
папка 64
партнёр 64 93 95
подразумевать 64
попадать 64 73
проверяться 64
прохождение 64
размытие 64 73
сопровождаться 64
удаляться 64
удостоверять 64
фильтроваться 64
ценз 64
антифрод 65
единица 65
законопроект 65
злоупотребление 65
иван 65
корректный 65
лебедев 65
лимит 88 65
министр 65
одобрить 65
оформление 81 65 66
поправка 65
предельный 65
рассмотрение 65
синхронизировать 65
смягчение 65
согласовать 65 83
течение 65 74 79
упорядочивание 65
централизовать 65
чтение 65
анимация 66
атрибут 66
ботовразработчик 66
группыпереть 66
достижение 66
жидкий 66 91
изготовление 66
интересный 66 91 77 95
клавиатура 66
клавиша 66
кнопка 66 78 87
коллекционный 66
контекстный 66 92
крафт 66
легендарный 66
меню 66
моментально 66
необычный 66 87
объединять 66 67
обязательно 66
передача 66 95
плавный 66
подарок 66 91 74
покидать 66
полезно 66
презентовать 66
привлечь 66 99 69
редизайнв 66
редкий 66 75
сочетание 66
стикер 66
увеличивать 66
уверение 66 99
утверждаться 66 99 98
цветной 66
эмодзь 66
энергосбережение 66
эпический 66
эффект 66 91 84
ваш 67
ветка 67
геотаргетинг 67
доверие 67 79
изменять 67
испанский 67
кой 67
легитимный 67
мелкий 67
опасаться 89 67
отправитель 67
отсутствовать 67
перепроверить 67
переходить 67
поддельный 67
подлинный 67
подменить 67
подозрительный 67
пометить 67
посторонний 67
предоставлять 67
прийти 67
рассылка 74 67
скамерский 67
содержаться 67
столь 67
удостовериться 67
храниться 67
цепочка 67
шлюз 67
волгоград 68
дефицитный 68
дон 68
заработный 68
зарплата 68
зафиксироваться 68
инфляция 68
кадр 100 68
кибербезопасность 83 68
медианный 68
новгород 68
омск 68
относиться 96 68
отрасль 68 94
плата 68
половина 72 100 68
премия 68
проектирование 68
распределение 68 92
расширить 68 95 76
резюме 68
рекордный 99 68
ростов 68
среднее 68 69
стагнация 68
точечный 68
удержание 68
узкий 68 77
умеренный 68
цифра 68
челябинск 68
атака 69
график 69
ежеквартальный 69
ежемесячный 69
заменять 69
критический 69
отнестись 69
парк 69
патч 69
призывать 69
распространённость 69
сигнатура 69
уязвимый 85 69
шпионский 69
астронавт 70
аэрокосмический 70
беспилотный 70
едва 70
луна 70
лунный 70
марс 70
марсианский 70
миллиардер 70
миссия 70
необитаемый 70
обеспечение 78 70
освоение 70
реализация 70
саморазвивающийся 70
сжатый 70
смещение 70
спускать 70
стремиться 70
цивилизация 70
автоваз 71
автопром 71
актуальный 71
назад 75 71
обновлять 71
перепроверять 71
разлететься 71
регулярно 71
редакция 71
скриншот 71
совместимый 95 71
фейк 71
числиться 71
январь 71
адаптация 72 86
аппаратный 72
жк 72
зависимость 72
запас 72
комбинированный 72
конечный 72 94
коучить 72
летие 72
магнитная 72 87
недорогой 72
недостаток 72
опыт 72 76
пересмотреть 72 100
планшет 72
подход 72 89 86
поставщик 72
потребовать 72 88 85
походка 72
себестоимость 72
складный 72 73 90 91
складской 72
стандартный 72
стартовый 72
стратегиивый 72
существенно 72
тачскрин 72
торжественный 72
хромбук 72
честь 72
чипыглавный 72
акцент 73
апертура 73
вдали 73
дебютировать 73
затвор 73
максимально 73
механически 73
недостаточный 73
оптика 73
освещённость 73
осень 73 79
пересвет 73
портретный 73
предмет 73
резкость 73
снизиться 73
сужаться 73
съёмка 73 91
телекамера 73
улучшиться 73
ярок 73
введение 88 89 74
вшиваться 74
заморозить 74
заход 74 98
заходить 74
знание 74
коллекция 74
кража 74
насилие 74
неоднократно 74 83 86
охлаждение 74
перехват 74 99
сталкиваться 74
токен 74 92
угон 74
удаваться 74
успеть 74
физически 74
вели 75
внезапно 75
выкуп 75
залог 75
значение 96 75
казино 75
китаец 75
криптокошелёк 75
ожесточённый 75
оцениваться 75
победитель 90 75
рекорд 75
совершать 75 84
тематика 75
торг 75
холдёр 75
буллинг 76
буллинга 76
гласить 76
дополнить 82 76
магазин 76
несовершеннолетний 76 85
объективизация 76
порнографический 76
преимущественно 76
рулетка 76
случайный 76
усилие 76
архипелаг 77
атлас 77
близость 77
визуализация 77
визуализировать 77
воркер 77
галактика 77
геймдизайн 77
группировать 77
двухмерный 77
занять 77
затем 99 77
игра 90 100 77
интерактивный 77
искать 77
кластеризация 77
кожевенный 77
макрокатегория 77
мастерство 77
микрокатегория 77
многомерный 77
находить 77
ниша 77
образовать 77
отфильтровать 77
охватывать 77
плотность 77
подходящий 77
проекция 77
развлечение 77
распределённый 77
сгенерировать 77
семантический 77
создатель 77
спорт 90 77
эмбеддинг 77
автомобильный 78
вестись 78
обобщение 78
отрывать 78
параллельно 92 78
разрешать 78
рекомендация 85 78
ресторан 98 78
сохраняться 78
усиление 78
биржа 79
биткоин 79
биткоина 79
вон 79
вскоре 79
кибератака 79
криптобиржа 79
нестабильность 79
нормализоваться 79
ночь 79
опускаться 79
промоакция 79
сомневаться 79
убежище 79
фондовый 79
южнокорейский 79
безопасный 80
генеральный 80 98 94
инструкция 80 86
исполнять 80
комьюнити 80
лобоцкий 80
объективно 80
обязанность 80
осуществляться 80
подготовить 80
потенциал 80 86
приступить 80
развернуть 80
самостоятельно 80
фокус 80
иран 81
подключать 81
публиковать 81
снятой 81
бампер 82
брутальный 82
высота 82
двигатель 82 98
двухмоторный 82
длина 82
достигать 82
квт 82
км 82
колёсный 82
крыло 82
метр 82
обвес 82
обладать 82
ошеломлять 82
похвастаться 82
придавать 82
промышленность 82
седан 82
спортивный 82
ширина 82
юань 82
блок 83
еврокомиссия 83 85
евросоюз 83
закупать 83
металл 83
минерал 83
нацелить 83 100
обнародовать 83
подозреваться 83
причастный 83
пункт 83 93
радиоаппаратура 83
региональный 83
редкоземельный 83
резина 83
реэкспорт 83
трактор 83
транзакция 83
экспорт 83
экспортный 83
аналогия 84
антимонопольный 84
озаботить 84
полагать 88 84
применимый 84
сетевой 84
фас 84
шаскольский 84
автозапуск 85
благополучие 85
вред 85
вызывающий 85
исход 85
мозг 85
навязчивый 85
нанести 85
неадекватно 85
ночью 85
перевод 85
постоянный 85
предварительный 85
привыкание 85
прокрутка 85
психический 85
решать 85
стимулирование 85
углублённый 85
экранный 85
архитектура 86
гигачат 86
грин 86
деградация 86
интерпретировать 86
контроллер 86
конференция 86 95
масштабирование 86
методология 86
непрерывно 86
окружающий 86
осмыслить 86
поведение 86
позиционироваться 86
практический 86
превращать 86
предобучение 86
предполагать 86 87
роботизированный 86
руководство 86
целевой 86
английский 87
выемка 87
динамический 87
дюймовый 87
надёжность 87
остров 87
перечисление 87
подогреваться 87
порт 87
приводиться 87
прикрепить 87
просочиться 87
цитироваться 87
четверг 87
энергоэффективность 87
энергоэффективный 87
банкомат 88
вклад 88
внесение 88
вносить 88
денежный 88
дроп 88
подставной 88
пополнение 88
потенциально 88
происхождение 88 96
противоправный 88
росфинмониторинг 88
соответствующий 88
способствовать 88
ведомственный 89
госрегулирование 89
госуправление 89
избыток 89
кнр 89
либеральный 89
медицина 89
обучить 89
предполагаться 89
произвести 89
разночтение 89
рамочный 89
склоняться 89
скоро 89 95
строгий 89
суверенный 89
утрата 89
языковой 89 92
блиц 90
гроссмейстер 90
двукратный 90
доска 90
достаточный 90
звание 90
матч 90
непомнить 90
обзор 90
организатор 90
поочерёдно 90
предстоящий 90
привычный 90
пригласить 90
протестировать 90 99
розница 90 91
сеанс 90
соревноваться 90
состояться 90
сохранять 90
турнир 90
фигура 90
чемпион 90
шахматный 90
шахматы 90
ян 90
батарея 91
весить 91
г 91
гибкий 91
гипоаллергенный 91
давление 91
запоминание 91
звук 91
излучатель 91
кейс 91
кодек 91
компактный 91
композитный 91
конструкция 91
кремниевый 91
лёгкое 91
миллиметровый 91
нейропроцессор 91
образный 91
поддерживаться 91
приближение 91
привилегия 91
прикрыть 91
продолжительный 91
пылевлагозащита 91
разложить 91
раскладушка 91
сгибание 91
сервисный 91
силикон 91
сложить 91
случиться 91 93
слышать 91
снижать 91
состояние 91
сплав 91
стабилизация 91
телефотообъектив 91
трёхуровневый 91
углеродный 98 91
удар 91
ультраширокоугольный 91
ухо 91
эквалайзер 91
апгрейд 92
боковой 92
интеллектуально 92
координироваться 92
многошаговый 92
объёмный 92
опередить 92
продаксить 92
продуктовый 92
развитой 92
редактирование 92
скотт 92
слаженный 92
справляться 92
сравнить 92
уайт 92
упрощать 92
усилить 92
ускорять 92
утверждение 92
абрамзона 93
бесперебойно 93
внушительный 93
гостиничный 93 94
григорий 93
издержка 93
отель 93 94
отключение 93
поддержание 93
приостановить 93
проживание 93 94
процентный 93
путешествие 93 94
собченко 93
союз 93 94
туриндустрия 93 94
удорожание 93
уйти 93
ателик 94
биб 94
бродовский 94
бронирование 94
вадим 94
выдача 94
гость 94
дистрибуция 94
кронвелла 94
мантер 94
навязывать 94
неизбежно 94
односторонний 94
оказывать 94
ольга 94
опасный 94
остановка 94
отельер 94
перераспределение 94
прецедент 94
пропасть 94
рст 94
рыночный 94
сезон 94
смолкина 94
трукшина 94
туризм 94
угрожать 94
гораздо 95
доказать 95
инжиниринг 95
кей 95
миграция 95
намекать 95
намёк 95
появление 95
присоединиться 95
проприетарный 95
тайбэя 95
упростить 95
эксклюзив 95
энергия 95
эрик 95
яблочный 95
байт 96 97
верить 96
видимость 96
впечатляющий 96
всячески 96
дискредитировать 96
жить 96
ксенофобия 96
ксенофобский 96
любить 96
множество 96
мой 96
обернуться 96
обстоять 96
осознавать 96
плохо 96
подкрепить 96
почерк 96
пресса 96
прибегнуть 96
причастность 96
провал 96
пропаганда 96
свободный 96
скептически 96
следить 96
франция 96
француз 96
французский 96
этнический 96
ярлык 96
закрой 97
раскрывать 97
существование 97
авиационный 98
авиация 98
аэрофлот 98
биотопливо 98
взлёт 98
вкусно 98
воздействие 98
возобновлять 98
выработка 98
газпром 98
денис 98
длинный 98
дёмин 98
ежегодно 98
животное 98
жир 98
жирный 98
заправлять 98
имитировать 98
ирина 98
испытание 98
кислота 98
коршунов 98
крейсерский 98
кулинарный 98
масло 98
морской 98
начальник 98
нефть 98
основать 98
отработать 98
переработка 98
полёт 98
посадка 98
поставлять 98
растительный 98
реактивный 98
реализоваться 98
рецептура 98
синтез 98
синтетический 98
след 98
сокращение 98
сырьё 98
тонна 98
топливо 98
фритюрный 98
чиханчин 98
эковеять 98
экологический 98
экологичный 98
эфир 98
эффективный 98
антирейтинг 99
билайн 99
диск 99
задумываться 99
замкнуть 99
запрашивать 99
изучаться 99
изучить 99
интересоваться 99
колебаться 99
лидировать 99
минимально 99
незашифрованный 99
неоднозначный 99
облако 99
осведомить 99
производить 99
пятёрка 99
роскачество 99
соответственно 99
специализированный 99
справиться 99
трекер 99
удобство 99
успешно 99
хранилище 99
хранить 99
адаптироваться 100
апгрейднуть 100
вкладыш 100
гарнитур 100
держать 100
заказать 100
кастомный 100
комплектующие 100
линза 100
обстоятельство 100
оправа 100
очки 100
простор 100
рецептурный 100
